dih_1:      1.00 -175.697530
dih_2:      1.00 -1.351148
dih_3:      1.00 78.228332
dih_4:      1.00 170.764306
dih_5:      1.00 -2.804173
dih_6:      1.00 84.357578
dih_7:      1.00 144.048356
dih_8:      1.00 -3.486604
dih_9:      1.00 96.591853
